Fitted Parameters:
T1 = 20.193996887082818
K1 = 0.003081885184454478
K2 = 4.493237483452767e-06
Fitted Parameters:
T_v = 7.459668967740335
a_r = -1.619693248788689
K_d = -0.0006536209137694389
K_c = -0.0002335563566208262